0.000000000000000000e+00 1.164747278411627804e+03 -1.951147302810769872e+02 2.575997103780908901e+02 2.081636307739154201e-01 -5.560032928581265521e-01 8.037882936765426978e-01 -3.811325363300079039e-02
0.000000000000000000e+00 1.174305680052814978e+03 -2.160344513271923574e+02 2.576469270961136431e+02 2.081636307738933822e-01 -5.560032928581304379e-01 8.037882936765459174e-01 -3.811325363299428171e-02
0.000000000000000000e+00 1.183864081694003517e+03 -2.369541723733076424e+02 2.576941438141369645e+02 2.081636307738957414e-01 -5.560032928581301048e-01 8.037882936765453623e-01 -3.811325363299401803e-02
0.000000000000000000e+00 1.193422483335191146e+03 -2.578738934194230410e+02 2.577413605321598311e+02 2.081636307738764236e-01 -5.560032928581336575e-01 8.037882936765483599e-01 -3.811325363298835589e-02
0.000000000000000000e+00 1.202980884976380594e+03 -2.787936144655376438e+02 2.577885772501829820e+02 2.081636307738901071e-01 -5.560032928581309930e-01 8.037882936765464725e-01 -3.811325363299364333e-02
0.000000000000000000e+00 1.245200493414583661e+03 -2.963084931723311684e+02 2.701586272727585651e+02 1.770208287738970210e-01 -5.603055065085649211e-01 8.084860805707834164e-01 -3.273565456311205990e-02
0.000000000000000000e+00 1.264862855508502889e+03 -2.873082932107449210e+02 2.779970091284124010e+02 1.631907007087402550e-01 -5.617576193525632977e-01 8.104818139252437659e-01 -3.027212575914745019e-02
0.000000000000000000e+00 1.284721875086543150e+03 -2.782196238337344880e+02 2.852157074481171435e+02 1.493328379007411166e-01 -5.629304911523824728e-01 8.124271016626801734e-01 -2.776995029570036161e-02
0.000000000000000000e+00 1.304759205919795704e+03 -2.690508930521061757e+02 2.918080838104907002e+02 1.354500627854125505e-01 -5.638224506533171532e-01 8.143221415661532347e-01 -2.523835148795006839e-02
0.000000000000000000e+00 1.324961991324099017e+03 -2.598090760777158721e+02 2.977697636981627625e+02 1.215415650557756244e-01 -5.644319578332894771e-01 8.161676071492963702e-01 -2.268589827324905134e-02
1.000000000000000000e+00 1.017402280370314543e+03 1.506081216813000481e+02 2.606751492817306257e+02 1.056220094018033434e-01 5.307443725212203089e-01 8.250262633642113652e-01 1.627454052385759464e-01
1.000000000000000000e+00 1.036850598165799965e+03 1.595204916815590366e+02 2.691266574174345578e+02 9.806251701507756602e-02 5.322001455622916710e-01 8.272614484504903221e-01 1.509478178965828199e-01
1.000000000000000000e+00 1.056513391083508395e+03 1.685294339417692981e+02 2.769655154505665564e+02 9.048195223417862532e-02 5.335484160752360649e-01 8.293282052873407473e-01 1.391180503686604564e-01
1.000000000000000000e+00 1.076374224350275199e+03 1.776276553023619158e+02 2.841849541662516003e+02 8.288203659615583918e-02 5.347888457401966944e-01 8.312260063326226689e-01 1.272587320299094493e-01
1.000000000000000000e+00 1.096412208102144859e+03 1.868054676193237071e+02 2.907773845822187582e+02 7.526616589836314375e-02 5.359208931439580770e-01 8.329540117437624902e-01 1.153751051254744558e-01
2.000000000000000000e+00 1.507809620427626442e+03 -1.360897983559584361e+02 3.223906661758666132e+02 1.203170513582347157e-03 9.772378139418430587e-01 2.121428477336417540e-01 -4.685491904081708547e-04
2.000000000000000000e+00 1.487029494732955982e+03 -9.061260839926663380e+01 3.222831040997472201e+02 1.203170513583071621e-03 9.772378139418430587e-01 2.121428477336417540e-01 -4.685491904083679084e-04
2.000000000000000000e+00 1.466406147110043094e+03 -4.547852638403294634e+01 3.221763535382032728e+02 1.203170513583584015e-03 9.772378139418430587e-01 2.121428477336417540e-01 -4.685491904107279997e-04
2.000000000000000000e+00 1.445626021704562390e+03 -1.337060231940467858e-03 3.220687914635806237e+02 1.203170513584406491e-03 9.772378139418430587e-01 2.121428477336417540e-01 -4.685491904040503443e-04
