0 700 600 1263  0.01430 0.03193 -0.97005 -0.24037
0 700 1100 1263  0.01430 0.03193 -0.97005 -0.24037
1 700 1101 1263  0.01430 0.03193 -0.97005 -0.24037
1 700 601 1263  0.01430 0.03193 -0.97005 -0.24037
1.200000000000000000e+01 1.185375776935085469e+03 3.236561474499313249e+02 7.329828431530440866e+02 -4.699195441653919577e-04 -5.647092109510598763e-03 -9.863206680635439039e-01 1.647404907028425236e-01
1.200000000000000000e+01 1.182597593588106974e+03 2.761977386699672934e+02 7.484741676146195459e+02 -4.695187796431085766e-04 -5.647102794120928068e-03 -9.863206714636587602e-01 1.647404711223856011e-01
1.200000000000000000e+01 1.180346952299030136e+03 2.377531966149430502e+02 7.610231950796716092e+02 -1.246527455695535004e-03 -5.610064121795950605e-03 -9.887527306804504423e-01 1.494490244926469091e-01
1.200000000000000000e+01 1.177984129901033157e+03 1.986019796203337648e+02 7.724646963068979630e+02 -2.024439055553352556e-03 -5.549964748532423657e-03 -9.909654016762745599e-01 1.339875823290357926e-01
1.200000000000000000e+01 1.175757862188129593e+03 1.597968331977293985e+02 7.825086666258580408e+02 -2.783887185257954023e-03 -5.468813378713415115e-03 -9.929036205378198865e-01 1.187633881937421587e-01
1.200000000000000000e+01 1.173433190556412683e+03 1.200924768401325338e+02 7.914809584867689409e+02 -3.551015746889471091e-03 -5.364052257700788022e-03 -9.946322373704767905e-01 1.032730827173344162e-01
1.200000000000000000e+01 1.181259773891973282e+03 8.011384681189255730e+01 7.992891813870855913e+02 -4.304825703488485318e-03 -5.238582611839438796e-03 -9.961009261402623549e-01 8.796005155974451206e-02
1.200000000000000000e+01 1.171214317564116755e+03 8.064545960390026380e+01 7.991164280594381353e+02 -4.304825703483964629e-03 -5.238582611839704209e-03 -9.961009261402624659e-01 8.796005155974337408e-02
1.200000000000000000e+01 1.179036364886048432e+03 4.018854053765083023e+01 8.057423990480888278e+02 -5.061042241271237335e-03 -5.090079099945001018e-03 -9.973407252360702024e-01 7.252554537387419231e-02
1.200000000000000000e+01 1.176824545913919337e+03 8.673986827937341104e-02 8.109524120467393686e+02 -5.815398220975958286e-03 -4.919181120086772892e-03 -9.983407929060583719e-01 5.707577437356399497e-02
1.200000000000000000e+01 1.174626156556117621e+03 -4.017572187335893830e+01 8.149165968224998551e+02 -6.569111715008772549e-03 -4.725574451197296286e-03 -9.991013333645512029e-01 4.160578549381911684e-02
1.200000000000000000e+01 1.172296000603986840e+03 -8.042994731197825331e+01 8.176205590935345526e+02 -7.320708012007679129e-03 -4.509636741485842371e-03 -9.996206294225332689e-01 2.616615454287085293e-02
1.200000000000000000e+01 1.169485895631043832e+03 -1.302389736586613083e+02 8.209672779728896330e+02 -7.131255768181983708e-03 -4.541329384439508204e-03 -9.996221341702101748e-01 2.615550411643591949e-02
1.300000000000000000e+01 1.643438131897024277e+03 3.104808450027104527e+02 7.365211967856412230e+02 1.690402234210018895e-01 9.844069310425854757e-01 -4.808079179090127275e-02 7.525585814813333559e-03
1.300000000000000000e+01 1.640660439632389853e+03 2.631651368270909188e+02 7.524431371698974544e+02 1.690402243883945554e-01 9.844069298461674000e-01 -4.808078673971828004e-02 7.525752856304104149e-03
1.300000000000000000e+01 1.638410417949703742e+03 2.248369872460129386e+02 7.653407251961142492e+02 1.537422900674396686e-01 9.869155996438143674e-01 -4.798802021143418889e-02 7.619536777028916574e-03
1.300000000000000000e+01 1.636160192476812881e+03 1.861256819402337896e+02 7.770424006985340384e+02 1.384067948700125616e-01 9.891861586929320271e-01 -4.790358523472720148e-02 7.716806709460484817e-03
1.300000000000000000e+01 1.633912988760546568e+03 1.470711946852841550e+02 7.875361034850302531e+02 1.230385320170734598e-01 9.912179186615509563e-01 -4.782738523129628078e-02 7.816558404046623776e-03
1.300000000000000000e+01 1.631670371763925459e+03 1.077094777006352331e+02 7.968122532495133328e+02 1.076405481786786439e-01 9.930105043353217864e-01 -4.775938383667318460e-02 7.917823125391644165e-03
1.300000000000000000e+01 1.627207306609574744e+03 2.821099615897946222e+01 8.116781743541171181e+02 7.676828620088539668e-02 9.958766633145137437e-01 -4.764818512697886754e-02 8.121093118220313115e-03
1.300000000000000000e+01 1.615008632215103034e+03 -1.131687616666478391e+01 8.170811505704766660e+02 6.130303999914884366e-02 9.969493904078605695e-01 -4.760527380080866594e-02 8.221201773954382383e-03
1.300000000000000000e+01 1.612806185214910784e+03 -5.152688353379581798e+01 8.214095802124292049e+02 4.582313419038094859e-02 9.977815503392504226e-01 -4.757112358620062958e-02 8.319036982643661024e-03
1.300000000000000000e+01 1.610619195991174593e+03 -9.185238028224485163e+01 8.244877048317691788e+02 3.033216141356969223e-02 9.983729480574050630e-01 -4.754605263091460365e-02 8.413646674613884172e-03
1.300000000000000000e+01 1.607919335522986330e+03 -1.416346154196741907e+02 8.282876809226675050e+02 3.033216141480841316e-02 9.983729480573151349e-01 -4.754605260069270922e-02 8.413646851612551630e-03
3.300000000000000000e+01 1.186375776935085469e+03 3.236561474499313249e+02 7.329828431530440866e+02 1.647404907028425236e-01 9.863206680635439039e-01 -5.647092109510699377e-03 4.699195441653752610e-04
3.300000000000000000e+01 1.183597593588106974e+03 2.761977386699672934e+02 7.484741676146195459e+02 1.647404711223856011e-01 9.863206714636587602e-01 -5.647102794120845669e-03 4.695187796431222376e-04
3.300000000000000000e+01 1.181346952299030136e+03 2.377531966149430502e+02 7.610231950796716092e+02 1.494490244926469091e-01 9.887527306804504423e-01 -5.610064121795957544e-03 1.246527455695534137e-03
3.300000000000000000e+01 1.178984129901033157e+03 1.986019796203337648e+02 7.724646963068979630e+02 1.339875823290357926e-01 9.909654016762745599e-01 -5.549964748532331717e-03 2.024439055553365133e-03
3.300000000000000000e+01 1.176757862188129593e+03 1.597968331977293985e+02 7.825086666258580408e+02 1.187633881937421587e-01 9.929036205378198865e-01 -5.468813378713429860e-03 2.783887185257952288e-03
3.300000000000000000e+01 1.174433190556412683e+03 1.200924768401325338e+02 7.914809584867689409e+02 1.032730827173344162e-01 9.946322373704767905e-01 -5.364052257700767205e-03 3.551015746889473260e-03
3.300000000000000000e+01 1.182259773891973282e+03 8.011384681189255730e+01 7.992891813870855913e+02 8.796005155974451206e-02 9.961009261402623549e-01 -5.238582611839335580e-03 4.304825703488493992e-03
3.300000000000000000e+01 1.172214317564116755e+03 8.064545960390026380e+01 7.991164280594381353e+02 8.796005155974337408e-02 9.961009261402624659e-01 -5.238582611839804823e-03 4.304825703483955955e-03
3.300000000000000000e+01 1.180036364886048432e+03 4.018854053765083023e+01 8.057423990480888278e+02 7.252554537387419231e-02 9.973407252360702024e-01 -5.090079099945009691e-03 5.061042241271237335e-03
3.300000000000000000e+01 1.177824545913919337e+03 8.673986827937341104e-02 8.109524120467393686e+02 5.707577437356399497e-02 9.983407929060583719e-01 -4.919181120086668808e-03 5.815398220975964358e-03
3.300000000000000000e+01 1.175626156556117621e+03 -4.017572187335893830e+01 8.149165968224998551e+02 4.160578549381911684e-02 9.991013333645512029e-01 -4.725574451197400369e-03 6.569111715008768212e-03
3.300000000000000000e+01 1.173296000603986840e+03 -8.042994731197825331e+01 8.176205590935345526e+02 2.616615454287085293e-02 9.996206294225332689e-01 -4.509636741485884004e-03 7.320708012007678261e-03
3.300000000000000000e+01 1.170485895631043832e+03 -1.302389736586613083e+02 8.209672779728896330e+02 2.615550411643591949e-02 9.996221341702101748e-01 -4.541329384439527286e-03 7.131255768181982840e-03
3.400000000000000000e+01 1.644438131897024277e+03 3.104808450027104527e+02 7.365211967856412230e+02 -7.525585814813318813e-03 -4.808079179090135602e-02 -9.844069310425854757e-01 1.690402234210018895e-01
3.400000000000000000e+01 1.641660439632389853e+03 2.631651368270909188e+02 7.524431371698974544e+02 -7.525752856304105884e-03 -4.808078673971827310e-02 -9.844069298461674000e-01 1.690402243883945554e-01
3.400000000000000000e+01 1.639410417949703742e+03 2.248369872460129386e+02 7.653407251961142492e+02 -7.619536777028913972e-03 -4.798802021143420971e-02 -9.869155996438143674e-01 1.537422900674396686e-01
3.400000000000000000e+01 1.637160192476812881e+03 1.861256819402337896e+02 7.770424006985340384e+02 -7.716806709460477878e-03 -4.790358523472725005e-02 -9.891861586929320271e-01 1.384067948700125616e-01
3.400000000000000000e+01 1.634912988760546568e+03 1.470711946852841550e+02 7.875361034850302531e+02 -7.816558404046616837e-03 -4.782738523129635017e-02 -9.912179186615509563e-01 1.230385320170734598e-01
3.400000000000000000e+01 1.632670371763925459e+03 1.077094777006352331e+02 7.968122532495133328e+02 -7.917823125391654573e-03 -4.775938383667309439e-02 -9.930105043353217864e-01 1.076405481786786439e-01
3.400000000000000000e+01 1.628207306609574744e+03 2.821099615897946222e+01 8.116781743541171181e+02 -8.121093118220306176e-03 -4.764818512697895775e-02 -9.958766633145137437e-01 7.676828620088539668e-02
3.400000000000000000e+01 1.616008632215103034e+03 -1.131687616666478391e+01 8.170811505704766660e+02 -8.221201773954385852e-03 -4.760527380080859655e-02 -9.969493904078605695e-01 6.130303999914884366e-02
3.400000000000000000e+01 1.613806185214910784e+03 -5.152688353379581798e+01 8.214095802124292049e+02 -8.319036982643655820e-03 -4.757112358620074061e-02 -9.977815503392504226e-01 4.582313419038094859e-02
3.400000000000000000e+01 1.611619195991174593e+03 -9.185238028224485163e+01 8.244877048317691788e+02 -8.413646674613882437e-03 -4.754605263091469386e-02 -9.983729480574050630e-01 3.033216141356969223e-02
3.400000000000000000e+01 1.608919335522986330e+03 -1.416346154196741907e+02 8.282876809226675050e+02 -8.413646851612551630e-03 -4.754605260069267453e-02 -9.983729480573151349e-01 3.033216141480841316e-02
