-2 700 600 1263  0.01430 0.03193 -0.97005 -0.24037
-2 700 1100 1263  0.01430 0.03193 -0.97005 -0.24037
-1 700 1101 1263  0.01430 0.03193 -0.97005 -0.24037
-1 700 601 1263  0.01430 0.03193 -0.97005 -0.24037
0 900 25 765.56 0.00500 -0.70446 0.70970 0.00592
0 1300 25 765.56 0.00500 -0.70446 0.70970 0.00592
1 1367.78 -293.50 746.09 0.17045 -0.03278 -0.98482 -0.00241
1 1367.78 300 746.09 0.17045 -0.03278 -0.98482 -0.00241
2 1452.95 -330.73 745.99 0.13894 -0.70152 0.68168 0.15456
2 952.95 -330.73 745.99 0.13894 -0.70152 0.68168 0.15456
3 1385.80 443.88 745.90 0.23199 0.69561 -0.66267 0.15223
3 885.80 443.88 745.90 0.23199 0.69561 -0.66267 0.15223
4 779.07 -257.05 714.42 0.01320 0.98799 0.01354 0.15338
4 779.07 357.05 714.42 0.01320 0.98799 0.01354 0.153384