0 900 25 765.56 0.00500 -0.70446 0.70970 0.00592
0 1300 25 765.56 0.00500 -0.70446 0.70970 0.00592
0 1301 25 765.56 0.00500 -0.70446 0.70970 0.00592
0 901 25 765.56 0.00500 -0.70446 0.70970 0.00592
1 1367.78 -293.50 746.09 0.17045 -0.03278 -0.98482 -0.00241
1 1367.78 300 746.09 0.17045 -0.03278 -0.98482 -0.00241
1 1367.78 301 746.09 0.17045 -0.03278 -0.98482 -0.00241
1 1367.78 -292.50 746.09 0.17045 -0.03278 -0.98482 -0.00241
2 1452.95 -377.73 745.99 0.13894 -0.70152 0.68168 0.15456
2 952.95 -377.73 745.99 0.13894 -0.70152 0.68168 0.15456
2 951.95 -377.73 745.99 0.13894 -0.70152 0.68168 0.15456
2 1451.95 -377.73 745.99 0.13894 -0.70152 0.68168 0.15456
3 1385.80 443.88 745.90 0.23199 0.69561 -0.66267 0.15223
3 885.80 443.88 745.90 0.23199 0.69561 -0.66267 0.15223
3 884.80 443.88 745.90 0.23199 0.69561 -0.66267 0.15223
3 1384.80 443.88 745.90 0.23199 0.69561 -0.66267 0.15223
4 779.07 -257.05 714.42 0.01320 0.98799 0.01354 0.15338
4 779.07 357.05 714.42 0.01320 0.98799 0.01354 0.15338
4 779.07 356.05 714.42 0.01320 0.98799 0.01354 0.15338
4 779.07 -256.05 714.42 0.01320 0.98799 0.01354 0.15338

