0.000000000000000000e+00 9.537888658971298810e+02 -2.377036640841141093e+02 7.117479875701010315e+02 2.084168125858051890e-01 -5.554020803352850422e-01 8.041581916589397583e-01 -3.769037249265155820e-02
0.000000000000000000e+00 9.744543015565066071e+02 -2.832332106060583783e+02 7.117607356774434493e+02 2.084168125857692733e-01 -5.554020803352908153e-01 8.041581916589451984e-01 -3.769037249264579892e-02
0.000000000000000000e+00 9.839604019598651803e+02 -3.041768020062517053e+02 7.117665998068212048e+02 2.084168125857523424e-01 -5.554020803352935909e-01 8.041581916589479739e-01 -3.769037249264321765e-02
0.000000000000000000e+00 9.934665023632101111e+02 -3.251203934064525924e+02 7.117724639361922527e+02 2.084168125857524811e-01 -5.554020803352938129e-01 8.041581916589478629e-01 -3.769037249264198253e-02
0.000000000000000000e+00 1.002972602766571299e+03 -3.460639848066458626e+02 7.117783280655712588e+02 2.084168125857331910e-01 -5.554020803352969216e-01 8.041581916589508605e-01 -3.769037249263770817e-02
0.000000000000000000e+00 1.012478703169897926e+03 -3.670075762068502172e+02 7.117841921949334392e+02 2.084168125857528142e-01 -5.554020803352932578e-01 8.041581916589479739e-01 -3.769037249264450828e-02
0.000000000000000000e+00 1.081745299115285661e+03 -3.723544600551662143e+02 7.364926509927252027e+02 1.772876739718295958e-01 -5.597254983535060457e-01 8.088489773991646148e-01 -3.224560297006902332e-02
0.000000000000000000e+00 1.113641437134189573e+03 -3.578757920154936301e+02 7.492040353005083944e+02 1.634633585119360244e-01 -5.611870541677771440e-01 8.108412974508119042e-01 -2.975249580749372846e-02
0.000000000000000000e+00 1.145856117229592655e+03 -3.432528059799159905e+02 7.609116089055000884e+02 1.496111374837794938e-01 -5.623694043596002556e-01 8.127829886810546967e-01 -2.722083561778829847e-02
0.000000000000000000e+00 1.178359575957050538e+03 -3.284990239882008609e+02 7.716046052614576638e+02 1.357338135444836336e-01 -5.632708744538882373e-01 8.146742573523139130e-01 -2.465985117714960401e-02
0.000000000000000000e+00 1.211130698886734535e+03 -3.136251208709778666e+02 7.812759257750026336e+02 1.218305579856633347e-01 -5.638899225061415610e-01 8.165157852295271690e-01 -2.207810924713744793e-02
0.000000000000000000e+00 1.255100330148807643e+03 -2.936679585575196825e+02 7.942521810471614572e+02 1.218303221607746623e-01 -5.638897358699749285e-01 8.165159139375293140e-01 -2.207941732593251410e-02
1.000000000000000000e+00 8.012691318196036718e+02 4.943054154047628401e+01 7.043046862445514762e+02 1.052727088454090548e-01 5.313090374739246613e-01 8.246226166396402046e-01 1.631744575516471396e-01
1.000000000000000000e+00 8.436074257677184960e+02 6.864935282637900116e+01 7.226923494593254418e+02 1.052730625816798854e-01 5.313090867078151813e-01 8.246225848596704378e-01 1.631742296312027884e-01
1.000000000000000000e+00 8.751622925385070175e+02 8.297306164924791005e+01 7.363967123206682572e+02 9.768437284630039630e-02 5.327565681066618319e-01 8.268660516377739356e-01 1.513959546678674828e-01
1.000000000000000000e+00 9.070645704037140149e+02 9.745418313482987571e+01 7.491086679327096363e+02 9.007481020962089524e-02 5.340958343866597513e-01 8.289415565707508593e-01 1.395853289088045401e-01
1.000000000000000000e+00 9.392876506585429297e+02 1.120808759510099151e+02 7.608172400592782196e+02 8.244607683573243473e-02 5.353265455270862505e-01 8.308485725904003472e-01 1.277449940033934528e-01
1.000000000000000000e+00 9.717976125184735565e+02 1.268376244034720344e+02 7.715101204008039986e+02 7.480155564046619965e-02 5.364481591400203087e-01 8.325862592101572757e-01 1.158802002219818800e-01
1.000000000000000000e+00 1.015412609063050581e+03 1.466351051416398832e+02 7.858555668155563581e+02 7.480154423207878434e-02 5.364481568825836266e-01 8.325862606665856980e-01 1.158802075723353170e-01
2.000000000000000000e+00 1.506861429755520703e+03 -1.404173921547364614e+02 8.213006784874748973e+02 -4.869833228669389908e-04 -2.114099403562859081e-01 9.773973346212754265e-01 -2.241450898853017057e-04
2.000000000000000000e+00 1.486198267618356113e+03 -9.488681346698612629e+01 8.212890659149138628e+02 -4.869833228645596007e-04 -2.114099403562859081e-01 9.773973346212754265e-01 -2.241450898850142024e-04
2.000000000000000000e+00 1.465691001107707734e+03 -4.969974551796124018e+01 8.212775409547554091e+02 -4.869833228624917561e-04 -2.114099403562859081e-01 9.773973346212754265e-01 -2.241450898861571683e-04
2.000000000000000000e+00 1.445027839258015092e+03 -4.169167463629145587e+00 8.212659283823566057e+02 -4.869833228668204875e-04 -2.114099403562859081e-01 9.773973346212754265e-01 -2.241450898845944806e-04
2.000000000000000000e+00 1.424364677120857550e+03 4.136141122412374216e+01 8.212543158097963669e+02 -4.869833228715246239e-04 -2.114099403562859081e-01 9.773973346212754265e-01 -2.241450898851576694e-04
