0.000000000000000000e+00 1.101944110041431259e+03 1.914068316035001374e+02 1.894360077601654098e+02 2.029275775478241173e-01 -6.757724580675695814e-01 6.783416626382129389e-01 -2.049501693512633671e-01
0.000000000000000000e+00 1.121296339647934474e+03 1.912584293592548761e+02 2.018646721981163523e+02 1.933058235697023286e-01 -6.786076795080261403e-01 6.811858462344884124e-01 -1.952186435168913325e-01
0.000000000000000000e+00 1.140995132861794673e+03 1.911076865968879304e+02 2.137363091039552501e+02 1.836444504991621984e-01 -6.813058952767189203e-01 6.838904378860175548e-01 -1.854477334186657722e-01
0.000000000000000000e+00 1.161024479969041522e+03 1.909546947446831950e+02 2.250412725697297560e+02 1.739454593560690043e-01 -6.838665716620641044e-01 6.864548782331465482e-01 -1.756393733833535309e-01
1.000000000000000000e+00 1.308393301673924270e+03 -3.721257844986011492e+02 2.885152821168216519e+02 1.072011616454257854e-01 7.008361335291780625e-01 6.978252175573796956e-01 1.018655516980064291e-01
1.000000000000000000e+00 1.330481740475687275e+03 -3.720230246546669264e+02 2.949253959616663678e+02 9.727239561802092371e-02 7.023006716341915201e-01 6.991994301136669199e-01 9.182594732219322153e-02
1.000000000000000000e+00 1.352746262377984749e+03 -3.719256339529813999e+02 3.007034935620452529e+02 8.732247399503424712e-02 7.036246589151309294e-01 7.004293498103725257e-01 8.176705220423967357e-02
1.000000000000000000e+00 1.375164523919354679e+03 -3.718336109590648562e+02 3.058437658101042302e+02 7.735540664430555491e-02 7.048075766716327406e-01 7.015144855507472466e-01 7.169272969851955835e-02
1.000000000000000000e+00 1.397722346626092985e+03 -3.717472824256627177e+02 3.103429633158607430e+02 6.737150874482729368e-02 7.058494094136621433e-01 7.024548013113979250e-01 6.160310994093035758e-02
1.000000000000000000e+00 1.420397129267729497e+03 -3.716665115840182239e+02 3.141965825878930900e+02 5.737478466273854272e-02 7.067497680086779477e-01 7.032499115756980501e-01 5.150205212763020457e-02
2.000000000000000000e+00 1.430108061614563439e+03 1.895843213858401555e+02 3.148916501104723693e+02 5.173435835178631648e-02 -7.037692510575324079e-01 7.065547996534703445e-01 -5.303501219471109390e-02
2.000000000000000000e+00 1.452901435781704322e+03 1.894596162567914064e+02 3.179654776526401179e+02 4.170827489251020120e-02 -7.044360171253715164e-01 7.072388191676997060e-01 -4.293681688611500347e-02
2.000000000000000000e+00 1.475773160786654216e+03 1.893336306137159681e+02 3.203879605966179724e+02 3.167368335223277875e-02 -7.049599539486061106e-01 7.077785217304333187e-01 -3.282994500092946411e-02
2.000000000000000000e+00 1.498704774047607316e+03 1.892064200325984018e+02 3.221571405594926887e+02 2.163258067436758109e-02 -7.053409578561224968e-01 7.081738001605284438e-01 -2.271636833145788265e-02
2.000000000000000000e+00 1.521674224884349997e+03 1.890772951209754638e+02 3.232714539777629170e+02 1.158851049296037022e-02 -7.055789264017291451e-01 7.084245441123453446e-01 -1.259961672249017978e-02
3.000000000000000000e+00 1.565482183240245149e+03 -1.932843159721807069e+01 3.237639782341182695e+02 1.743805402177261239e-04 2.001092371992788891e-03 9.999978861331003666e-01 4.392608298368025376e-04
3.000000000000000000e+00 1.565610209140692859e+03 3.650107726630086091e+00 3.237841941824291894e+02 1.743805402177262323e-04 2.001092371992788891e-03 9.999978861331003666e-01 4.392608298370245822e-04
3.000000000000000000e+00 1.565738352571700943e+03 2.664974184934002110e+01 3.238044286894203196e+02 1.743805402154882222e-04 2.001092371992789758e-03 9.999978861331003666e-01 4.392608298368070371e-04
3.000000000000000000e+00 1.565866496002709710e+03 4.964937597204954045e+01 3.238246631964113931e+02 1.743805402154882222e-04 2.001092371992789758e-03 9.999978861331003666e-01 4.392608298368070371e-04
3.000000000000000000e+00 1.565991599379905210e+03 7.262862978804935210e+01 3.238448787475207382e+02 1.743805402154880596e-04 2.001092371992789758e-03 9.999978861331003666e-01 4.392608298368070371e-04
