0.000000000000000000e+00 7.838758620171929579e+02 1.864594006720235484e+02 5.764324906209825485e+02 2.031569202003210006e-01 -6.760042789331450752e-01 6.780870884388650044e-01 -2.048008328383988941e-01
0.000000000000000000e+00 8.259438462379807788e+02 1.863497284040170712e+02 6.034560484103216140e+02 2.031569046506056520e-01 -6.760042749538932583e-01 6.780870923829244168e-01 -2.048008483393491952e-01
0.000000000000000000e+00 8.572944484250483583e+02 1.862679901463902183e+02 6.235949931833055189e+02 1.934952196613495823e-01 -6.788329003309194754e-01 6.809389522431508190e-01 -1.951092942802011565e-01
0.000000000000000000e+00 8.892066180801011797e+02 1.861830722717265303e+02 6.428315761039277731e+02 1.837941905477630256e-01 -6.815234413177334583e-01 6.836522993697700112e-01 -1.853780678013253469e-01
0.000000000000000000e+00 9.216544196301381362e+02 1.860950127169907660e+02 6.611501671807142202e+02 1.740557816705543270e-01 -6.840753535627900339e-01 6.862265847957654819e-01 -1.756091393821410385e-01
0.000000000000000000e+00 9.651947760432616406e+02 1.859768504345343842e+02 6.857311232461952386e+02 1.740557795913501848e-01 -6.840753529348130302e-01 6.862265854187012959e-01 -1.756091414549598162e-01
1.000000000000000000e+00 9.890033629022937021e+02 -3.314599986639126428e+02 6.970724501833976774e+02 -2.131533640141467789e-01 -1.558627350008005797e-03 -9.770169513496254066e-01 1.044445173309440549e-03
1.000000000000000000e+00 9.891779061368704333e+02 -2.814603506824072383e+02 6.970036287852497026e+02 -2.131533640142085073e-01 -1.558627350007911038e-03 -9.770169513496119729e-01 1.044445173309905238e-03
1.000000000000000000e+00 9.893524493714412529e+02 -2.314607027026665946e+02 6.969348073871042288e+02 -2.131533640142701524e-01 -1.558627350007843818e-03 -9.770169513495985392e-01 1.044445173309549403e-03
1.000000000000000000e+00 9.895269926061054093e+02 -1.814610547229247572e+02 6.968659859890019561e+02 -2.131533640142261044e-01 -1.558627350007824302e-03 -9.770169513496081981e-01 1.044445173309493675e-03
1.000000000000000000e+00 9.897015358406711130e+02 -1.314614067431832893e+02 6.967971645908544360e+02 -2.131533640142936892e-01 -1.558627350007948985e-03 -9.770169513495934321e-01 1.044445173310013008e-03
1.000000000000000000e+00 9.898760790752427283e+02 -8.146175876167826857e+01 6.967283431927045285e+02 -2.131533640143614405e-01 -1.558627350007762286e-03 -9.770169513495786662e-01 1.044445173310051388e-03
2.000000000000000000e+00 1.005132190335341193e+03 1.813643265381273295e+02 7.056869011467528026e+02 1.374298532790148575e-01 6.948781917383822782e-01 6.926486667319378121e-01 1.359969063933926248e-01
2.000000000000000000e+00 1.051959708971381815e+03 1.812249645494907782e+02 7.232129981631449027e+02 1.374298715033796525e-01 6.948781941554891262e-01 6.926486642812290651e-01 1.359968881085156789e-01
2.000000000000000000e+00 1.127823935120225315e+03 1.809991711329301154e+02 7.516066399441297108e+02 1.158197916121186111e-01 6.988049733670946839e-01 6.965321298774078684e-01 1.144568788530486714e-01
2.000000000000000000e+00 1.205303502546994878e+03 1.807618707686561379e+02 7.752441687873943010e+02 9.409795476927987345e-02 7.020599194344013805e-01 6.997459628445131807e-01 9.280642173258027428e-02
2.000000000000000000e+00 1.253127215917312242e+03 1.806152473186374436e+02 7.898342661549057766e+02 9.409768054131009696e-02 7.020598655920842202e-01 6.997460172543459311e-01 9.280669683945708126e-02
3.000000000000000000e+00 1.110766515708726502e+03 -3.714482793485912566e+02 7.488998621398948217e+02 1.065762509276153153e-01 7.002758806061500918e-01 6.979820008959671807e-01 1.052440981944213622e-01
3.000000000000000000e+00 1.158729201798548502e+03 -3.715962714605857968e+02 7.630263918405721597e+02 1.065762555136669509e-01 7.002758809661687733e-01 6.979820005283564610e-01 1.052440935928247168e-01
3.000000000000000000e+00 1.194472641341670851e+03 -3.717065621180069002e+02 7.735539665391233939e+02 9.657825615695278532e-02 7.017246211264979161e-01 6.994119775078857515e-01 9.527897071790505934e-02
3.000000000000000000e+00 1.230505395566221750e+03 -3.718192567611538379e+02 7.830587289475932948e+02 8.655961148339454125e-02 7.030307481770707856e-01 7.006998107273848531e-01 8.529346999647101357e-02
3.000000000000000000e+00 1.266791304695278086e+03 -3.719341430575847767e+02 7.915311248788675584e+02 7.652426320095545575e-02 7.041937461615732641e-01 7.018449914366898801e-01 7.529152013150645917e-02
3.000000000000000000e+00 1.303307417824251843e+03 -3.720514168996081139e+02 7.989657949338744629e+02 6.647243377052534929e-02 7.052135891382571575e-01 7.028474940932778470e-01 6.527334287563639481e-02
3.000000000000000000e+00 1.340017150040380329e+03 -3.721707375632948356e+02 8.053553001849970769e+02 5.640806033195176761e-02 7.060898790107387191e-01 7.037069273939268177e-01 5.524286221753747783e-02
3.000000000000000000e+00 1.389276305904812489e+03 -3.723308663377307539e+02 8.139290929455742116e+02 5.640802804843774582e-02 7.060898741429184611e-01 7.037069323233563489e-01 5.524289460713699418e-02
4.000000000000000000e+00 1.303286143699018339e+03 1.849532661370549533e+02 7.995252848284876563e+02 5.228077668501492775e-02 -7.039298598397391027e-01 7.063243805450833968e-01 -5.343540271038884487e-02
4.000000000000000000e+00 1.352828344544046331e+03 1.847895988885181282e+02 8.062738808649316979e+02 5.228076515567069149e-02 -7.039298596268529495e-01 7.063243807414125719e-01 -5.343541419991627850e-02
4.000000000000000000e+00 1.389748984286339009e+03 1.846676234926071629e+02 8.113031787006520972e+02 4.223608139990406296e-02 -7.046038804346250739e-01 7.070146306360393096e-01 -4.335662776363125026e-02
4.000000000000000000e+00 1.426797975709444700e+03 1.845437605073454677e+02 8.152774200610464277e+02 3.218282353187135181e-02 -7.051345758070833858e-01 7.075610693924947459e-01 -3.326903892555838071e-02
4.000000000000000000e+00 1.463945412283752376e+03 1.844180637920527772e+02 8.181933921169949144e+02 2.212297230436917339e-02 -7.055218405259015002e-01 7.079635886903257180e-01 -2.317463540338438391e-02
4.000000000000000000e+00 1.501155577911952150e+03 1.842898426178204829e+02 8.200485133317069995e+02 1.206005814802096031e-02 -7.057655684273743679e-01 7.082220771319694963e-01 -1.307695999573227526e-02
4.000000000000000000e+00 1.551093260784868335e+03 1.841182184117439817e+02 8.225381670870565358e+02 1.205921979747253021e-02 -7.057655050052553669e-01 7.082221391827678847e-01 -1.307779545401093098e-02
5.000000000000000000e+00 1.562982002941131668e+03 -5.921123647334925266e+01 8.212390210950304663e+02 -8.647057638616417003e-04 -1.732112446676693958e-03 -9.999978881656275131e-01 6.897352384531296602e-04
5.000000000000000000e+00 1.563156546175762742e+03 -9.211588491844318938e+00 8.211701996969080710e+02 -8.647057638616448445e-04 -1.732112446676693958e-03 -9.999978881656275131e-01 6.897352384531296602e-04
5.000000000000000000e+00 1.563236762423430264e+03 1.376715459291747123e+01 8.211385708897057611e+02 -8.647057638616451698e-04 -1.732112446676693958e-03 -9.999978881656275131e-01 6.897352384529076156e-04
5.000000000000000000e+00 1.563317052311359930e+03 3.676699266359847940e+01 8.211069130465705257e+02 -8.647057638594078102e-04 -1.732112446676692223e-03 -9.999978881656275131e-01 6.897352384529037124e-04
5.000000000000000000e+00 1.563397342199290051e+03 5.976683073427897597e+01 8.210752552034351766e+02 -8.647057638571698001e-04 -1.732112446676690922e-03 -9.999978881656275131e-01 6.897352384531218539e-04
5.000000000000000000e+00 1.563474634447633434e+03 8.274628222074943551e+01 8.210436203670781197e+02 -8.647057638616436519e-04 -1.732112446676693958e-03 -9.999978881656275131e-01 6.897352384529076156e-04
5.000000000000000000e+00 1.563642810215306326e+03 1.327459520097436041e+02 8.209747879420476693e+02 -8.647057638705918977e-04 -1.732112446676700246e-03 -9.999978881656275131e-01 6.897352384531451643e-04
