0.000000000000000000e+00 1.103560090672465776e+03 1.860794804095084203e+02 1.879923808416693873e+02 2.020288792758968555e-01 -6.759419650478540875e-01 6.788165220031804337e-01 -2.037030222683908764e-01
0.000000000000000000e+00 1.122952071110697489e+03 1.860044009667896887e+02 2.003595944083203904e+02 1.923681976602329424e-01 -6.787545091189443047e-01 6.816526507252587130e-01 -1.940011769007682074e-01
0.000000000000000000e+00 1.142688848185332063e+03 1.859271524202396506e+02 2.121686842807883124e+02 1.826684011641298289e-01 -6.814289847691106239e-01 6.843501215650380498e-01 -1.842598845288827558e-01
0.000000000000000000e+00 1.162754381408491099e+03 1.858477664712935109e+02 2.234100554299214139e+02 1.729314538980057936e-01 -6.839648508996342136e-01 6.869083887705391689e-01 -1.744811176695770238e-01
1.000000000000000000e+00 1.307946429428906640e+03 -3.717535133843080075e+02 2.859490382478059587e+02 1.053860866773538990e-01 7.008422641119166352e-01 6.977603627432744648e-01 1.041363037258851432e-01
1.000000000000000000e+00 1.330030388300510822e+03 -3.718474393690744364e+02 2.923747044574489564e+02 9.538013076568918613e-02 7.022739728202793685e-01 6.991745632390571341e-01 9.417445446518658836e-02
1.000000000000000000e+00 1.352290851683833353e+03 -3.719428550640897129e+02 2.981684509274256243e+02 8.535377248656113303e-02 7.035629549604930366e-01 7.004466666998048208e-01 8.419245238561486044e-02
1.000000000000000000e+00 1.374705480850988806e+03 -3.720395654662677316e+02 3.033244536370897890e+02 7.531095658647060653e-02 7.047087013206263517e-01 7.015761705651533120e-01 7.419422481677427628e-02
1.000000000000000000e+00 1.397260097856106086e+03 -3.721377779618170507e+02 3.078394511050200890e+02 6.525190569214479874e-02 7.057111863413270125e-01 7.025630496401811254e-01 6.417999342901817283e-02
1.000000000000000000e+00 1.419932106147507511e+03 -3.722371709325843767e+02 3.117089257905794852e+02 5.518055976955148906e-02 7.065700187258295850e-01 7.034069187404263790e-01 5.415368066345180309e-02
2.000000000000000000e+00 1.429190454839808581e+03 1.847269680899480875e+02 3.121133843666340795e+02 5.119285014230687270e-02 -7.036252670646414575e-01 7.067993482807881644e-01 -5.220590878791622064e-02
2.000000000000000000e+00 1.451989886362796142e+03 1.846260205348883972e+02 3.151428405566948641e+02 4.115262101097935665e-02 -7.042838034053859886e-01 7.074720148236337547e-01 -4.212047347975066136e-02
2.000000000000000000e+00 1.474866402729464880e+03 1.845240152711243979e+02 3.175208007090300839e+02 3.110403814018002089e-02 -7.047990794412911653e-01 7.080007772212645323e-01 -3.202648722804304210e-02
2.000000000000000000e+00 1.497801537534051022e+03 1.844209885177743047e+02 3.192453423706212448e+02 2.104908136248833522e-02 -7.051709929927285625e-01 7.083855306356011683e-01 -2.192593901209843876e-02
2.000000000000000000e+00 1.520773237846932943e+03 1.843162275987166652e+02 3.203149447264212313e+02 1.099127934596683294e-02 -7.053994432674974835e-01 7.086261699200365749e-01 -1.182237373384391853e-02
3.000000000000000000e+00 1.565659325808824633e+03 -9.175709686978734680e+00 3.209179264971754719e+02 7.783782210858128858e-04 -2.274438971068801045e-03 -9.999969597502766927e-01 5.491310547285238076e-04
3.000000000000000000e+00 1.565764418989762817e+03 1.380294090965836062e+01 3.208926074404125188e+02 7.783782210835712978e-04 -2.274438971068802780e-03 -9.999969597502766927e-01 5.491310547280848142e-04
3.000000000000000000e+00 1.565869608648527219e+03 3.680268640730824359e+01 3.208672651402048928e+02 7.783782210858129942e-04 -2.274438971068801912e-03 -9.999969597502766927e-01 5.491310547276356292e-04
3.000000000000000000e+00 1.565974798307291621e+03 5.980243190495755812e+01 3.208419228399973235e+02 7.783782210858153795e-04 -2.274438971068802780e-03 -9.999969597502766927e-01 5.491310547267474508e-04
3.000000000000000000e+00 1.566076968256746568e+03 8.278179408065867051e+01 3.208166075623108213e+02 7.783782210880465591e-04 -2.274438971068798443e-03 -9.999969597502766927e-01 5.491310547302950687e-04
