0.000000000000000000e+00 6.793118513813844856e+02 -3.685648474714526515e+02 4.958614803235903423e+02 2.363520099835822452e-01 -6.646031387939320689e-01 6.675812616771826802e-01 -2.382764242208511851e-01
0.000000000000000000e+00 7.184947396976365326e+02 -3.687203422797318240e+02 5.269207315149033093e+02 2.363520549281950545e-01 -6.646031519998152337e-01 6.675812485871053248e-01 -2.382763794798205825e-01
0.000000000000000000e+00 7.476954012772047236e+02 -3.688362044039370744e+02 5.500673324468145893e+02 2.268495528662265448e-01 -6.679063752104601459e-01 6.709116117868102469e-01 -2.287312035714449132e-01
0.000000000000000000e+00 7.775441308676971630e+02 -3.689562506033201430e+02 5.723715408088829690e+02 2.173009706665635365e-01 -6.710737187461053299e-01 6.741054837012961931e-01 -2.191395651165800873e-01
0.000000000000000000e+00 8.080168036056752499e+02 -3.690803321234544683e+02 5.938153445162762409e+02 2.077081977047651462e-01 -6.741045576263144934e-01 6.771622341077319085e-01 -2.095033620061844404e-01
0.000000000000000000e+00 8.390887153375520029e+02 -3.692083527669700516e+02 6.143813575819673360e+02 1.980731576576961195e-01 -6.769982838880319598e-01 6.800812498438739695e-01 -1.998245266201408021e-01
0.000000000000000000e+00 8.807827830261119288e+02 -3.693801337196915711e+02 6.419780097500513421e+02 1.980731498674535296e-01 -6.769982811075037077e-01 6.800812526019498483e-01 -1.998245343756206993e-01
1.000000000000000000e+00 7.821764223014233721e+02 1.880313340033817155e+02 5.751744488233014181e+02 2.035125109080997974e-01 -6.753829676957839867e-01 6.784520114045655692e-01 -2.052885117862544573e-01
1.000000000000000000e+00 8.242104566637892731e+02 1.878572882575785741e+02 6.022504467421628078e+02 2.035124953496521283e-01 -6.753829637058450519e-01 6.784520153572768386e-01 -2.052885272734845112e-01
1.000000000000000000e+00 8.555357581650944212e+02 1.877275765272189858e+02 6.224284718179394531e+02 1.938596351964258224e-01 -6.782167236268847876e-01 6.813107932718418525e-01 -1.955917191642226605e-01
1.000000000000000000e+00 8.874237478520343529e+02 1.875941042924956719e+02 6.417048357001182239e+02 1.841673567807116385e-01 -6.809125244854096204e-01 6.840309828069711662e-01 -1.858551405139003687e-01
1.000000000000000000e+00 9.198485097550462797e+02 1.874569489505122419e+02 6.600638760596384600e+02 1.744376226916307115e-01 -6.834698208644812700e-01 6.866120336104452049e-01 -1.760807628859404894e-01
1.000000000000000000e+00 9.633579502240652346e+02 1.872729070715088540e+02 6.846991093376011577e+02 1.744376206113058547e-01 -6.834698202350086849e-01 6.866120342344720351e-01 -1.760807649568552902e-01
2.000000000000000000e+00 1.301305297226799894e+03 1.857547578174994953e+02 7.989147724195408955e+02 5.276222574530895632e-02 -7.034000648563052405e-01 7.067860613146872417e-01 -5.383270219687843333e-02
2.000000000000000000e+00 1.350838762548364230e+03 1.855208076509278214e+02 8.057251380893981150e+02 5.276221420809433515e-02 -7.034000646373903542e-01 7.067860615193330975e-01 -5.383271367824316034e-02
2.000000000000000000e+00 1.387752892255605957e+03 1.853464548827502938e+02 8.108004688881294442e+02 4.272503724455691682e-02 -7.040810055979714877e-01 7.074819307106117172e-01 -4.374730239209566329e-02
2.000000000000000000e+00 1.424796687466593539e+03 1.851702688696739472e+02 8.148209037775789056e+02 3.267918670008498200e-02 -7.046187274669833966e-01 7.080338937000288935e-01 -3.365300924741470440e-02
2.000000000000000000e+00 1.461940245788077391e+03 1.849923457080840592e+02 8.177831926302405918e+02 2.262664186742198782e-02 -7.050131236420292824e-01 7.084418410782803432e-01 -2.355182328247423448e-02
2.000000000000000000e+00 1.499147853447660054e+03 1.848120448350138929e+02 8.196847091966878907e+02 1.257093063482362869e-02 -7.052640854357764555e-01 7.087056595635227163e-01 -1.344728969140264810e-02
2.000000000000000000e+00 1.549082104046555287e+03 1.845705273766008645e+02 8.222366276612340243e+02 1.257009173632889741e-02 -7.052640215421275283e-01 7.087057221857583356e-01 -1.344812452085856862e-02
3.000000000000000000e+00 1.560634621112879813e+03 -5.877490960478274928e+01 8.208982550651105612e+02 -1.487936522064190522e-03 -2.426878934970862385e-03 -9.999957807524049169e-01 5.786025660995045136e-04
3.000000000000000000e+00 1.560878666777667149e+03 -8.775538248488748749e+00 8.208407599444233256e+02 -1.487936522055238915e-03 -2.426878934970857181e-03 -9.999957807524049169e-01 5.786025660994828295e-04
3.000000000000000000e+00 1.560990824819951285e+03 1.420307770701179351e+01 8.208143364462523550e+02 -1.487936522050763329e-03 -2.426878934970855013e-03 -9.999957807524049169e-01 5.786025660994719875e-04
3.000000000000000000e+00 1.561103085825748849e+03 3.720278853172359135e+01 8.207878886907352580e+02 -1.487936522055239349e-03 -2.426878934970857181e-03 -9.999957807524049169e-01 5.786025660994828295e-04
3.000000000000000000e+00 1.561215346831552779e+03 6.020249935643483497e+01 8.207614409352182747e+02 -1.487936522053000688e-03 -2.426878934970855880e-03 -9.999957807524049169e-01 5.786025660994774085e-04
3.000000000000000000e+00 1.561324581870637076e+03 8.318182777460539512e+01 8.207350079171504831e+02 -1.487936522055239999e-03 -2.426878934970857615e-03 -9.999957807524049169e-01 5.786025660997048741e-04
3.000000000000000000e+00 1.561562260123594115e+03 1.331812297828079465e+02 8.206774938300277427e+02 -1.487936522059715586e-03 -2.426878934970860217e-03 -9.999957807524049169e-01 5.786025660997157162e-04
4.000000000000000000e+00 1.685065609448072564e+03 -3.731116188299201895e+02 8.116331277531400019e+02 8.999864822083888938e-02 -7.030271363113289596e-01 -6.996362328142683440e-01 9.034506440184196518e-02
4.000000000000000000e+00 1.732808544586423068e+03 -3.733608640009582018e+02 7.967822010419575918e+02 8.999747555529692689e-02 -7.030267581703503188e-01 -6.996366113729411973e-01 9.034624351211187343e-02
4.000000000000000000e+00 1.798514951817211340e+03 -3.737054706064676566e+02 7.763435526130444941e+02 1.221175798365847082e-01 -6.981670816701635029e-01 -6.947611922999845646e-01 1.222984400592526388e-01
4.000000000000000000e+00 1.862079490651184642e+03 -3.740345107371067002e+02 7.499741709252325563e+02 1.539836747272398387e-01 -6.918401191454250920e-01 -6.884268058967277781e-01 1.539961375527603704e-01
4.000000000000000000e+00 1.923074226633071930e+03 -3.743657878442919014e+02 7.178316926961352920e+02 1.855850726415384788e-01 -6.840436065288868495e-01 -6.806311620352718528e-01 1.854285480882156278e-01
4.000000000000000000e+00 1.980759266171348372e+03 -3.746905694937909175e+02 6.803060990356095772e+02 2.167374093558261938e-01 -6.748230726402029145e-01 -6.714197674871064114e-01 2.164121342386337021e-01
4.000000000000000000e+00 2.022670912829762074e+03 -3.749263346275827757e+02 6.530415013074359649e+02 2.167371879727225670e-01 -6.748230440388939266e-01 -6.714197959664379711e-01 2.164123567824737804e-01
